0 0.999 0.001 8.67362e-19
1 0.998316 0.00158276 0.00010151
2 0.997234 0.00250397 0.00026214
3 0.995525 0.00395841 0.000516167
4 0.992832 0.00625038 0.000917514
5 0.988598 0.00985129 0.00155067
6 0.981971 0.0154821 0.00254716
7 0.971668 0.0242221 0.00410973
8 0.95582 0.0376335 0.00654597
9 0.931835 0.0578536 0.0103111
10 0.896409 0.0875379 0.0160536
11 0.845919 0.129438 0.0246426
12 0.777493 0.185367 0.0371393
13 0.690782 0.254559 0.0546587
14 0.589699 0.332203 0.0780983
15 0.482547 0.409646 0.107807
16 0.379562 0.477066 0.143372
17 0.289167 0.527162 0.183671
18 0.215581 0.55724 0.22718
19 0.158949 0.568719 0.272332
20 0.116963 0.56526 0.317777
21 0.086495 0.551017 0.362488
22 0.064591 0.529657 0.405752
23 0.048855 0.504024 0.447121
24 0.037493 0.476169 0.486338
25 0.0292173 0.447496 0.523287
26 0.0231235 0.418936 0.557941
27 0.018582 0.391082 0.590336
28 0.0151545 0.364303 0.620543
29 0.0125349 0.338807 0.648658
30 0.010508 0.314703 0.674789
31 0.00892078 0.29203 0.699049
32 0.00766364 0.270784 0.721552
33 0.00665711 0.250931 0.742412
34 0.00584298 0.23242 0.761737
35 0.00517812 0.215189 0.779633
36 0.00463028 0.19917 0.7962
37 0.00417508 0.184294 0.811531
38 0.00379387 0.170491 0.825715
39 0.00347232 0.157692 0.838836
40 0.00319923 0.14583 0.850971
41 0.00296586 0.134842 0.862192
42 0.00276526 0.124667 0.872567
43 0.0025919 0.115249 0.882159
44 0.00244132 0.106533 0.891026
45 0.00230993 0.0984684 0.899222
46 0.00219479 0.0910083 0.906797
47 0.00209348 0.0841086 0.913798
48 0.00200402 0.0777279 0.920268
49 0.00192475 0.071828 0.926247
50 0.00185429 0.0663733 0.931772
51 0.00179147 0.0613306 0.936878
52 0.00173533 0.0566692 0.941595
53 0.00168501 0.0523606 0.945954
54 0.00163982 0.0483783 0.949982
55 0.00159915 0.0446979 0.953703
56 0.00156246 0.0412966 0.957141
57 0.00152932 0.0381534 0.960317
58 0.00149932 0.0352488 0.963252
59 0.00147214 0.0325649 0.965963
60 0.00144746 0.0300849 0.968468
61 0.00142502 0.0277934 0.970782
62 0.00140461 0.0256761 0.972919
63 0.00138601 0.0237199 0.974894
64 0.00136905 0.0219125 0.976718
65 0.00135356 0.0202427 0.978404
66 0.00133941 0.0187 0.979961
67 0.00132647 0.0172747 0.981399
68 0.00131463 0.0159579 0.982727
69 0.00130378 0.0147414 0.983955
70 0.00129384 0.0136176 0.985089
71 0.00128473 0.0125794 0.986136
72 0.00127637 0.0116203 0.987103
73 0.00126869 0.0107342 0.987997
74 0.00126164 0.00991571 0.988823
75 0.00125516 0.00915957 0.989585
76 0.00124921 0.00846107 0.99029
77 0.00124373 0.00781581 0.99094
78 0.0012387 0.00721974 0.991542
79 0.00123406 0.00666911 0.992097
80 0.0012298 0.00616046 0.99261
81 0.00122587 0.0056906 0.993084
82 0.00122225 0.00525656 0.993521
83 0.00121892 0.00485561 0.993925
84 0.00121585 0.00448524 0.994299
85 0.00121303 0.00414312 0.994644
86 0.00121042 0.00382708 0.994962
87 0.00120802 0.00353515 0.995257
88 0.0012058 0.00326548 0.995529
89 0.00120376 0.00301638 0.99578
90 0.00120188 0.00278628 0.996012
91 0.00120014 0.00257373 0.996226
92 0.00119854 0.00237739 0.996424
93 0.00119706 0.00219603 0.996607
94 0.0011957 0.0020285 0.996776
95 0.00119444 0.00187375 0.996932
96 0.00119328 0.00173081 0.997076
97 0.0011922 0.00159876 0.997209
98 0.00119121 0.0014768 0.997332
99 0.0011903 0.00136413 0.997446
